image: versenypalya.pgm
resolution: 0.100000
origin: [-2.728146, 0.729017, 0.000000]
negate: 0
occupied_thresh: 0.65
free_thresh: 0.196

